==============================================================================
PHASE 2 — STATE-LEVEL AGGREGATION
==============================================================================

Loaded tower table: 2,489,618 rows
Loaded state boundaries: 36 polygons
Boundary columns: ['cartodb_id', 'state_code', 'st_nm', 'geometry']

Aggregated to 36 states
Computed areas for 36 states (EPSG:6933 equal-area)
States with no area matched: 0

SAVED: /sessions/rcw-012nqma8la3wunmtkmblchkz/mnt/Mini project/data_processed/state_aggregated.csv
       36 rows x 31 columns

Columns produced:
  region
  tower_count
  range_mean
  range_median
  sample_mean
  sample_total
  updated_year_mean
  created_year_mean
  pct_2g
  pct_3g
  pct_4g
  pct_5g
  n_2g
  n_3g
  n_4g
  n_5g
  carrier_count
  active_carrier_count
  pct_airtel
  pct_vi
  pct_jio_reliance
  pct_bsnl
  n_airtel
  n_vi
  n_jio_reliance
  n_bsnl
  carrier_hhi
  area_sqkm
  tower_density
  log_tower_density
  level

------------------------------------------------------------------------------
TOP 10 STATES BY TOWER COUNT
------------------------------------------------------------------------------
        region  tower_count  tower_density  pct_2g  pct_3g  pct_4g  active_carrier_count  range_mean
   Maharashtra       375840           1.22   46.45   31.73   21.82                     4    1,155.09
     Karnataka       272825           1.42   49.22   28.58   22.19                     4    1,186.71
    Tamil Nadu       262151           2.02   52.89   31.72   15.39                     4    1,155.90
 Uttar Pradesh       190161           0.79   58.93   27.27   13.74                     4    1,149.95
     Telangana       153013           1.33   52.39   28.05   19.56                     4    1,195.74
       Gujarat       147173           0.79   54.88   26.52   18.60                     4    1,131.93
        Kerala       141120           3.64   51.07   30.19   18.73                     4    1,339.62
  NCT of Delhi       139495          92.75   41.86   36.77   21.37                     4    1,037.37
   West Bengal       135000           1.58   58.65   26.83   14.52                     4    1,218.76
Andhra Pradesh       106120           0.66   60.36   23.18   16.47                     4    1,335.30

------------------------------------------------------------------------------
BOTTOM 10 STATES BY TOWER DENSITY
------------------------------------------------------------------------------
                  region  tower_count  tower_density   pct_2g  pct_3g  pct_4g  active_carrier_count  range_mean
      Arunanchal Pradesh          588         0.0072  59.3537 36.0544  4.5918                     4  1,015.0289
             Lakshadweep           21         0.0317 100.0000  0.0000  0.0000                     2  1,872.7143
                 Mizoram          804         0.0381  69.2786 23.5075  7.2139                     4  1,127.5162
         Jammu & Kashmir        11384         0.0512  68.0165 22.9006  9.0829                     4  1,185.5383
                Nagaland          859         0.0518  53.6671 28.1723 18.1607                     4  1,057.3481
Andaman & Nicobar Island          403         0.0537  90.5707  9.4293  0.0000                     3  1,033.2556
                 Manipur         2123         0.0952  70.7489 22.3269  6.9242                     4  1,050.9614
                 Tripura         1170         0.1121  70.5128 23.0769  6.4103                     4  1,048.6974
               Meghalaya         2518         0.1122  62.8276 22.2002 14.9722                     4  1,200.4821
            Chhattisgarh        20150         0.1490  63.3052 20.3176 16.3772                     4  1,171.7284

------------------------------------------------------------------------------
SUMMARY STATISTICS
------------------------------------------------------------------------------
                      count        mean         std       min        25%        50%         75%           max
tower_count          36.000  69,156.056  91,963.690    21.000  2,001.250 21,224.000 113,340.000   375,840.000
range_mean           36.000   1,169.925     151.193 1,015.029  1,078.394  1,152.517   1,196.922     1,872.714
range_median         36.000   1,000.000       0.000 1,000.000  1,000.000  1,000.000   1,000.000     1,000.000
sample_mean          36.000      22.151     101.955     1.707      3.584      4.605       5.470       616.048
sample_total         36.000 467,882.417 893,460.728   922.000 11,329.250 96,682.000 575,279.750 4,830,302.000
updated_year_mean    36.000   2,016.039       0.530 2,013.286  2,015.948  2,016.109   2,016.304     2,016.547
created_year_mean    36.000   2,015.847       0.484 2,013.286  2,015.739  2,015.951   2,016.073     2,016.356
pct_2g               36.000      60.810      11.934    41.865     52.402     60.803      66.374       100.000
pct_3g               36.000      25.745       7.701     0.000     22.149     26.722      31.435        38.161
pct_4g               36.000      13.441       6.106     0.000      9.872     14.323      18.399        22.261
pct_5g               36.000       0.004       0.016     0.000      0.000      0.000       0.000         0.074
n_2g                 36.000  37,481.861  46,304.294    21.000  1,377.000 13,471.500  63,659.000   174,578.000
n_3g                 36.000  19,515.083  28,233.214     0.000    504.750  5,032.500  30,536.000   119,256.000
n_4g                 36.000  12,155.333  18,516.962     0.000    153.750  2,767.500  18,101.500    82,005.000
n_5g                 36.000       3.778      20.336     0.000      0.000      0.000       0.000       122.000
carrier_count        36.000       6.083       1.442     2.000      5.000      6.000       7.000        10.000
active_carrier_count 36.000       3.917       0.368     2.000      4.000      4.000       4.000         4.000
pct_airtel           36.000      34.910       7.898    14.815     31.517     36.490      40.283        50.157
pct_vi               36.000      32.022      12.458     0.000     24.322     31.176      40.932        56.122
pct_jio_reliance     36.000      12.575       5.332     0.000     10.233     12.801      14.621        24.556
pct_bsnl             36.000      14.346      13.526     2.485      7.505     10.403      15.467        76.190
n_airtel             36.000  24,625.639  35,231.565     5.000    752.000  7,896.500  33,329.500   136,842.000
n_vi                 36.000  25,088.889  35,354.624     0.000    615.750  7,273.500  40,417.250   166,338.000
n_jio_reliance       36.000   8,889.528  11,341.854     0.000    228.250  4,021.000  15,014.000    48,723.000
n_bsnl               36.000   6,444.556   8,542.405    16.000    199.500  2,667.000   9,494.250    32,501.000
carrier_hhi          36.000       0.307       0.068     0.231      0.268      0.294       0.323         0.637
area_sqkm            36.000  90,884.806  97,948.186   109.200  9,704.993 54,697.936 140,387.985   342,463.012
tower_density        36.000       6.238      21.288     0.007      0.140      0.435       1.463        92.751
log_tower_density    36.000      -0.270       0.887    -2.145     -0.858     -0.363       0.165         1.967